(kicad_pcb (version 20171130) (host pcbnew "(5.0.1)-3")

  (general
    (thickness 1.6)
    (drawings 4)
    (tracks 0)
    (zones 0)
    (modules 20)
    (nets 53)
  )

  (page A4)
  (layers
    (0 F.Cu signal)
    (31 B.Cu signal)
    (32 B.Adhes user)
    (33 F.Adhes user)
    (34 B.Paste user)
    (35 F.Paste user)
    (36 B.SilkS user)
    (37 F.SilkS user)
    (38 B.Mask user)
    (39 F.Mask user)
    (40 Dwgs.User user)
    (41 Cmts.User user)
    (42 Eco1.User user)
    (43 Eco2.User user)
    (44 Edge.Cuts user)
    (45 Margin user)
    (46 B.CrtYd user)
    (47 F.CrtYd user)
    (48 B.Fab user)
    (49 F.Fab user)
  )

  (setup
    (last_trace_width 0.25)
    (trace_clearance 0.2)
    (zone_clearance 0.508)
    (zone_45_only no)
    (trace_min 0.2)
    (segment_width 0.2)
    (edge_width 0.15)
    (via_size 0.8)
    (via_drill 0.4)
    (via_min_size 0.4)
    (via_min_drill 0.3)
    (uvia_size 0.3)
    (uvia_drill 0.1)
    (uvias_allowed no)
    (uvia_min_size 0.2)
    (uvia_min_drill 0.1)
    (pcb_text_width 0.3)
    (pcb_text_size 1.5 1.5)
    (mod_edge_width 0.15)
    (mod_text_size 1 1)
    (mod_text_width 0.15)
    (pad_size 1.524 1.524)
    (pad_drill 0.762)
    (pad_to_mask_clearance 0.051)
    (solder_mask_min_width 0.25)
    (aux_axis_origin 0 0)
    (visible_elements 7FFFFFFF)
    (pcbplotparams
      (layerselection 0x010fc_ffffffff)
      (usegerberextensions false)
      (usegerberattributes false)
      (usegerberadvancedattributes false)
      (creategerberjobfile false)
      (excludeedgelayer true)
      (linewidth 0.100000)
      (plotframeref false)
      (viasonmask false)
      (mode 1)
      (useauxorigin false)
      (hpglpennumber 1)
      (hpglpenspeed 20)
      (hpglpendiameter 15.000000)
      (psnegative false)
      (psa4output false)
      (plotreference true)
      (plotvalue true)
      (plotinvisibletext false)
      (padsonsilk false)
      (subtractmaskfromsilk false)
      (outputformat 1)
      (mirror false)
      (drillshape 1)
      (scaleselection 1)
      (outputdirectory ""))
  )

  (net 0 "")
  (net 1 "Net-(U1-Pad37)")
  (net 2 "Net-(U1-Pad36)")
  (net 3 "Net-(U1-Pad35)")
  (net 4 "Net-(U1-Pad34)")
  (net 5 "Net-(U1-Pad33)")
  (net 6 "Net-(U1-Pad32)")
  (net 7 "Net-(U1-Pad31)")
  (net 8 "Net-(U1-Pad30)")
  (net 9 "Net-(U1-Pad29)")
  (net 10 "Net-(U1-Pad28)")
  (net 11 "Net-(U1-Pad27)")
  (net 12 "Net-(U1-Pad26)")
  (net 13 "Net-(U1-Pad25)")
  (net 14 "Net-(U1-Pad24)")
  (net 15 "Net-(U1-Pad23)")
  (net 16 "Net-(U1-Pad22)")
  (net 17 "Net-(U1-Pad21)")
  (net 18 "Net-(U1-Pad20)")
  (net 19 "Net-(U1-Pad19)")
  (net 20 "Net-(U1-Pad18)")
  (net 21 "Net-(U1-Pad17)")
  (net 22 "Net-(U1-Pad16)")
  (net 23 "Net-(U1-Pad14)")
  (net 24 "Net-(U1-Pad13)")
  (net 25 "Net-(U1-Pad12)")
  (net 26 "Net-(U1-Pad11)")
  (net 27 "Net-(U1-Pad10)")
  (net 28 "Net-(U1-Pad9)")
  (net 29 "Net-(U1-Pad7)")
  (net 30 "Net-(U1-Pad6)")
  (net 31 "Net-(U1-Pad5)")
  (net 32 "Net-(U1-Pad4)")
  (net 33 "Net-(U2-Pad6)")
  (net 34 "Net-(U2-Pad7)")
  (net 35 "Net-(R3-Pad1)")
  (net 36 "Net-(R3-Pad2)")
  (net 37 /Vpanel)
  (net 38 "Net-(D1-Pad2)")
  (net 39 "Net-(D2-Pad2)")
  (net 40 GND)
  (net 41 /VBAT)
  (net 42 /VBAT_DIV2)
  (net 43 "Net-(U1-Pad8)")
  (net 44 +3V3)
  (net 45 "Net-(C2-Pad1)")
  (net 46 "Net-(JP1-Pad2)")
  (net 47 "Net-(D3-Pad2)")
  (net 48 "Net-(D3-Pad3)")
  (net 49 "Net-(D3-Pad1)")
  (net 50 "Net-(Q1-Pad1)")
  (net 51 "Net-(Q1-Pad2)")
  (net 52 "Net-(Q1-Pad3)")

  (net_class Default "Ceci est la Netclass par défaut."
    (clearance 0.2)
    (trace_width 0.25)
    (via_dia 0.8)
    (via_drill 0.4)
    (uvia_dia 0.3)
    (uvia_drill 0.1)
    (add_net +3V3)
    (add_net /VBAT)
    (add_net /VBAT_DIV2)
    (add_net /Vpanel)
    (add_net GND)
    (add_net "Net-(C2-Pad1)")
    (add_net "Net-(D1-Pad2)")
    (add_net "Net-(D2-Pad2)")
    (add_net "Net-(D3-Pad1)")
    (add_net "Net-(D3-Pad2)")
    (add_net "Net-(D3-Pad3)")
    (add_net "Net-(JP1-Pad2)")
    (add_net "Net-(Q1-Pad1)")
    (add_net "Net-(Q1-Pad2)")
    (add_net "Net-(Q1-Pad3)")
    (add_net "Net-(R3-Pad1)")
    (add_net "Net-(R3-Pad2)")
    (add_net "Net-(U1-Pad10)")
    (add_net "Net-(U1-Pad11)")
    (add_net "Net-(U1-Pad12)")
    (add_net "Net-(U1-Pad13)")
    (add_net "Net-(U1-Pad14)")
    (add_net "Net-(U1-Pad16)")
    (add_net "Net-(U1-Pad17)")
    (add_net "Net-(U1-Pad18)")
    (add_net "Net-(U1-Pad19)")
    (add_net "Net-(U1-Pad20)")
    (add_net "Net-(U1-Pad21)")
    (add_net "Net-(U1-Pad22)")
    (add_net "Net-(U1-Pad23)")
    (add_net "Net-(U1-Pad24)")
    (add_net "Net-(U1-Pad25)")
    (add_net "Net-(U1-Pad26)")
    (add_net "Net-(U1-Pad27)")
    (add_net "Net-(U1-Pad28)")
    (add_net "Net-(U1-Pad29)")
    (add_net "Net-(U1-Pad30)")
    (add_net "Net-(U1-Pad31)")
    (add_net "Net-(U1-Pad32)")
    (add_net "Net-(U1-Pad33)")
    (add_net "Net-(U1-Pad34)")
    (add_net "Net-(U1-Pad35)")
    (add_net "Net-(U1-Pad36)")
    (add_net "Net-(U1-Pad37)")
    (add_net "Net-(U1-Pad4)")
    (add_net "Net-(U1-Pad5)")
    (add_net "Net-(U1-Pad6)")
    (add_net "Net-(U1-Pad7)")
    (add_net "Net-(U1-Pad8)")
    (add_net "Net-(U1-Pad9)")
    (add_net "Net-(U2-Pad6)")
    (add_net "Net-(U2-Pad7)")
  )

  (module ESP32-footprints-Lib:ESP32-WROOM (layer F.Cu) (tedit 57D08EA8) (tstamp 5BFC5A32)
    (at 84.79 55.79)
    (path /5BF317FE)
    (fp_text reference U1 (at -11.557 9.017) (layer F.SilkS)
      (effects (font (size 1 1) (thickness 0.15)))
    )
    (fp_text value ESP32-WROOM (at 5.715 14.224) (layer F.Fab)
      (effects (font (size 1 1) (thickness 0.15)))
    )
    (fp_text user "Espressif Systems" (at -6.858 -0.889 90) (layer F.SilkS)
      (effects (font (size 1 1) (thickness 0.15)))
    )
    (fp_circle (center 9.906 6.604) (end 10.033 6.858) (layer F.SilkS) (width 0.5))
    (fp_text user ESP32-WROOM (at -5.207 0.254 90) (layer F.SilkS)
      (effects (font (size 1 1) (thickness 0.15)))
    )
    (fp_line (start -9 6.75) (end 9 6.75) (layer F.SilkS) (width 0.15))
    (fp_line (start 9 12.75) (end 9 -12.75) (layer F.SilkS) (width 0.15))
    (fp_line (start -9 12.75) (end -9 -12.75) (layer F.SilkS) (width 0.15))
    (fp_line (start -9 -12.75) (end 9 -12.75) (layer F.SilkS) (width 0.15))
    (fp_line (start -9 12.75) (end 9 12.75) (layer F.SilkS) (width 0.15))
    (pad 38 smd oval (at -9 5.25) (size 2.5 0.9) (layers F.Cu F.Paste F.Mask)
      (net 40 GND))
    (pad 37 smd oval (at -9 3.98) (size 2.5 0.9) (layers F.Cu F.Paste F.Mask)
      (net 1 "Net-(U1-Pad37)"))
    (pad 36 smd oval (at -9 2.71) (size 2.5 0.9) (layers F.Cu F.Paste F.Mask)
      (net 2 "Net-(U1-Pad36)"))
    (pad 35 smd oval (at -9 1.44) (size 2.5 0.9) (layers F.Cu F.Paste F.Mask)
      (net 3 "Net-(U1-Pad35)"))
    (pad 34 smd oval (at -9 0.17) (size 2.5 0.9) (layers F.Cu F.Paste F.Mask)
      (net 4 "Net-(U1-Pad34)"))
    (pad 33 smd oval (at -9 -1.1) (size 2.5 0.9) (layers F.Cu F.Paste F.Mask)
      (net 5 "Net-(U1-Pad33)"))
    (pad 32 smd oval (at -9 -2.37) (size 2.5 0.9) (layers F.Cu F.Paste F.Mask)
      (net 6 "Net-(U1-Pad32)"))
    (pad 31 smd oval (at -9 -3.64) (size 2.5 0.9) (layers F.Cu F.Paste F.Mask)
      (net 7 "Net-(U1-Pad31)"))
    (pad 30 smd oval (at -9 -4.91) (size 2.5 0.9) (layers F.Cu F.Paste F.Mask)
      (net 8 "Net-(U1-Pad30)"))
    (pad 29 smd oval (at -9 -6.18) (size 2.5 0.9) (layers F.Cu F.Paste F.Mask)
      (net 9 "Net-(U1-Pad29)"))
    (pad 28 smd oval (at -9 -7.45) (size 2.5 0.9) (layers F.Cu F.Paste F.Mask)
      (net 10 "Net-(U1-Pad28)"))
    (pad 27 smd oval (at -9 -8.72) (size 2.5 0.9) (layers F.Cu F.Paste F.Mask)
      (net 11 "Net-(U1-Pad27)"))
    (pad 26 smd oval (at -9 -9.99) (size 2.5 0.9) (layers F.Cu F.Paste F.Mask)
      (net 12 "Net-(U1-Pad26)"))
    (pad 25 smd oval (at -9 -11.26) (size 2.5 0.9) (layers F.Cu F.Paste F.Mask)
      (net 13 "Net-(U1-Pad25)"))
    (pad 24 smd oval (at -5.715 -12.75) (size 0.9 2.5) (layers F.Cu F.Paste F.Mask)
      (net 14 "Net-(U1-Pad24)"))
    (pad 23 smd oval (at -4.445 -12.75) (size 0.9 2.5) (layers F.Cu F.Paste F.Mask)
      (net 15 "Net-(U1-Pad23)"))
    (pad 22 smd oval (at -3.175 -12.75) (size 0.9 2.5) (layers F.Cu F.Paste F.Mask)
      (net 16 "Net-(U1-Pad22)"))
    (pad 21 smd oval (at -1.905 -12.75) (size 0.9 2.5) (layers F.Cu F.Paste F.Mask)
      (net 17 "Net-(U1-Pad21)"))
    (pad 20 smd oval (at -0.635 -12.75) (size 0.9 2.5) (layers F.Cu F.Paste F.Mask)
      (net 18 "Net-(U1-Pad20)"))
    (pad 19 smd oval (at 0.635 -12.75) (size 0.9 2.5) (layers F.Cu F.Paste F.Mask)
      (net 19 "Net-(U1-Pad19)"))
    (pad 18 smd oval (at 1.905 -12.75) (size 0.9 2.5) (layers F.Cu F.Paste F.Mask)
      (net 20 "Net-(U1-Pad18)"))
    (pad 17 smd oval (at 3.175 -12.75) (size 0.9 2.5) (layers F.Cu F.Paste F.Mask)
      (net 21 "Net-(U1-Pad17)"))
    (pad 16 smd oval (at 4.445 -12.75) (size 0.9 2.5) (layers F.Cu F.Paste F.Mask)
      (net 22 "Net-(U1-Pad16)"))
    (pad 15 smd oval (at 5.715 -12.75) (size 0.9 2.5) (layers F.Cu F.Paste F.Mask)
      (net 40 GND))
    (pad 14 smd oval (at 9 -11.26) (size 2.5 0.9) (layers F.Cu F.Paste F.Mask)
      (net 23 "Net-(U1-Pad14)"))
    (pad 13 smd oval (at 9 -9.99) (size 2.5 0.9) (layers F.Cu F.Paste F.Mask)
      (net 24 "Net-(U1-Pad13)"))
    (pad 12 smd oval (at 9 -8.72) (size 2.5 0.9) (layers F.Cu F.Paste F.Mask)
      (net 25 "Net-(U1-Pad12)"))
    (pad 11 smd oval (at 9 -7.45) (size 2.5 0.9) (layers F.Cu F.Paste F.Mask)
      (net 26 "Net-(U1-Pad11)"))
    (pad 10 smd oval (at 9 -6.18) (size 2.5 0.9) (layers F.Cu F.Paste F.Mask)
      (net 27 "Net-(U1-Pad10)"))
    (pad 9 smd oval (at 9 -4.91) (size 2.5 0.9) (layers F.Cu F.Paste F.Mask)
      (net 28 "Net-(U1-Pad9)"))
    (pad 8 smd oval (at 9 -3.64) (size 2.5 0.9) (layers F.Cu F.Paste F.Mask)
      (net 43 "Net-(U1-Pad8)"))
    (pad 7 smd oval (at 9 -2.37) (size 2.5 0.9) (layers F.Cu F.Paste F.Mask)
      (net 29 "Net-(U1-Pad7)"))
    (pad 6 smd oval (at 9 -1.1) (size 2.5 0.9) (layers F.Cu F.Paste F.Mask)
      (net 30 "Net-(U1-Pad6)"))
    (pad 5 smd oval (at 9 0.17) (size 2.5 0.9) (layers F.Cu F.Paste F.Mask)
      (net 31 "Net-(U1-Pad5)"))
    (pad 4 smd oval (at 9 1.44) (size 2.5 0.9) (layers F.Cu F.Paste F.Mask)
      (net 32 "Net-(U1-Pad4)"))
    (pad 3 smd oval (at 9 2.71) (size 2.5 0.9) (layers F.Cu F.Paste F.Mask)
      (net 44 +3V3))
    (pad 2 smd oval (at 9 3.98) (size 2.5 0.9) (layers F.Cu F.Paste F.Mask)
      (net 44 +3V3))
    (pad 1 smd oval (at 9 5.25) (size 2.5 0.9) (layers F.Cu F.Paste F.Mask)
      (net 40 GND))
    (pad 39 smd rect (at 0.3 -2.45) (size 6 6) (layers F.Cu F.Paste F.Mask)
      (net 40 GND))
    (model "C:/Users/utilisateur/Documents/IrouetteV2/hardware/3d/User Library-esp-wroom-32.step"
      (offset (xyz 9 13 0))
      (scale (xyz 1 1 1))
      (rotate (xyz -90 0 180))
    )
  )

  (module TerminalBlock:TerminalBlock_bornier-2_P5.08mm (layer F.Cu) (tedit 59FF03AB) (tstamp 5BFC58C4)
    (at 29.21 43.18 270)
    (descr "simple 2-pin terminal block, pitch 5.08mm, revamped version of bornier2")
    (tags "terminal block bornier2")
    (path /5BF31C19)
    (fp_text reference J1 (at 2.54 -5.08 270) (layer F.SilkS)
      (effects (font (size 1 1) (thickness 0.15)))
    )
    (fp_text value Screw_Terminal_01x02 (at 2.54 5.08 270) (layer F.Fab)
      (effects (font (size 1 1) (thickness 0.15)))
    )
    (fp_text user %R (at 2.54 0 270) (layer F.Fab)
      (effects (font (size 1 1) (thickness 0.15)))
    )
    (fp_line (start -2.41 2.55) (end 7.49 2.55) (layer F.Fab) (width 0.1))
    (fp_line (start -2.46 -3.75) (end -2.46 3.75) (layer F.Fab) (width 0.1))
    (fp_line (start -2.46 3.75) (end 7.54 3.75) (layer F.Fab) (width 0.1))
    (fp_line (start 7.54 3.75) (end 7.54 -3.75) (layer F.Fab) (width 0.1))
    (fp_line (start 7.54 -3.75) (end -2.46 -3.75) (layer F.Fab) (width 0.1))
    (fp_line (start 7.62 2.54) (end -2.54 2.54) (layer F.SilkS) (width 0.12))
    (fp_line (start 7.62 3.81) (end 7.62 -3.81) (layer F.SilkS) (width 0.12))
    (fp_line (start 7.62 -3.81) (end -2.54 -3.81) (layer F.SilkS) (width 0.12))
    (fp_line (start -2.54 -3.81) (end -2.54 3.81) (layer F.SilkS) (width 0.12))
    (fp_line (start -2.54 3.81) (end 7.62 3.81) (layer F.SilkS) (width 0.12))
    (fp_line (start -2.71 -4) (end 7.79 -4) (layer F.CrtYd) (width 0.05))
    (fp_line (start -2.71 -4) (end -2.71 4) (layer F.CrtYd) (width 0.05))
    (fp_line (start 7.79 4) (end 7.79 -4) (layer F.CrtYd) (width 0.05))
    (fp_line (start 7.79 4) (end -2.71 4) (layer F.CrtYd) (width 0.05))
    (pad 1 thru_hole rect (at 0 0 270) (size 3 3) (drill 1.52) (layers *.Cu *.Mask)
      (net 40 GND))
    (pad 2 thru_hole circle (at 5.08 0 270) (size 3 3) (drill 1.52) (layers *.Cu *.Mask)
      (net 38 "Net-(D1-Pad2)"))
    (model ${KISYS3DMOD}/TerminalBlock.3dshapes/TerminalBlock_bornier-2_P5.08mm.wrl
      (offset (xyz 2.539999961853027 0 0))
      (scale (xyz 1 1 1))
      (rotate (xyz 0 0 0))
    )
    (model C:/Users/utilisateur/Documents/IrouetteV2/hardware/3d/terminal_blocks_a-tb500-ti02.stp
      (offset (xyz 2.5 5.5 0))
      (scale (xyz 1 1 1))
      (rotate (xyz -90 0 0))
    )
  )

  (module Package_SO:HSOP-8-1EP_3.9x4.9mm_P1.27mm_EP2.41x3.1mm (layer F.Cu) (tedit 5B79F799) (tstamp 5BFC59C8)
    (at 44.45 43.18 270)
    (descr "HSOP, 8 Pin (https://www.st.com/resource/en/datasheet/l5973d.pdf), generated with kicad-footprint-generator ipc_gullwing_generator.py")
    (tags "HSOP SO")
    (path /5BF31D34)
    (attr smd)
    (fp_text reference U2 (at 0 -3.4 270) (layer F.SilkS)
      (effects (font (size 1 1) (thickness 0.15)))
    )
    (fp_text value TP4056 (at 0 3.4 270) (layer F.Fab)
      (effects (font (size 1 1) (thickness 0.15)))
    )
    (fp_line (start -3.45 -2.56) (end 1.95 -2.56) (layer F.SilkS) (width 0.12))
    (fp_line (start -1.95 2.56) (end 1.95 2.56) (layer F.SilkS) (width 0.12))
    (fp_line (start -0.975 -2.45) (end 1.95 -2.45) (layer F.Fab) (width 0.1))
    (fp_line (start 1.95 -2.45) (end 1.95 2.45) (layer F.Fab) (width 0.1))
    (fp_line (start 1.95 2.45) (end -1.95 2.45) (layer F.Fab) (width 0.1))
    (fp_line (start -1.95 2.45) (end -1.95 -1.475) (layer F.Fab) (width 0.1))
    (fp_line (start -1.95 -1.475) (end -0.975 -2.45) (layer F.Fab) (width 0.1))
    (fp_line (start -3.7 -2.7) (end -3.7 2.7) (layer F.CrtYd) (width 0.05))
    (fp_line (start -3.7 2.7) (end 3.7 2.7) (layer F.CrtYd) (width 0.05))
    (fp_line (start 3.7 2.7) (end 3.7 -2.7) (layer F.CrtYd) (width 0.05))
    (fp_line (start 3.7 -2.7) (end -3.7 -2.7) (layer F.CrtYd) (width 0.05))
    (fp_text user %R (at 0 0 270) (layer F.Fab)
      (effects (font (size 0.98 0.98) (thickness 0.15)))
    )
    (pad 9 smd roundrect (at 0 0 270) (size 2.41 3.1) (layers F.Cu F.Mask) (roundrect_rratio 0.103734))
    (pad "" smd roundrect (at -0.6 -0.775 270) (size 0.97 1.25) (layers F.Paste) (roundrect_rratio 0.25))
    (pad "" smd roundrect (at -0.6 0.775 270) (size 0.97 1.25) (layers F.Paste) (roundrect_rratio 0.25))
    (pad "" smd roundrect (at 0.6 -0.775 270) (size 0.97 1.25) (layers F.Paste) (roundrect_rratio 0.25))
    (pad "" smd roundrect (at 0.6 0.775 270) (size 0.97 1.25) (layers F.Paste) (roundrect_rratio 0.25))
    (pad 1 smd roundrect (at -2.65 -1.905 270) (size 1.6 0.6) (layers F.Cu F.Paste F.Mask) (roundrect_rratio 0.25)
      (net 40 GND))
    (pad 2 smd roundrect (at -2.65 -0.635 270) (size 1.6 0.6) (layers F.Cu F.Paste F.Mask) (roundrect_rratio 0.25)
      (net 35 "Net-(R3-Pad1)"))
    (pad 3 smd roundrect (at -2.65 0.635 270) (size 1.6 0.6) (layers F.Cu F.Paste F.Mask) (roundrect_rratio 0.25)
      (net 40 GND))
    (pad 4 smd roundrect (at -2.65 1.905 270) (size 1.6 0.6) (layers F.Cu F.Paste F.Mask) (roundrect_rratio 0.25)
      (net 37 /Vpanel))
    (pad 5 smd roundrect (at 2.65 1.905 270) (size 1.6 0.6) (layers F.Cu F.Paste F.Mask) (roundrect_rratio 0.25)
      (net 41 /VBAT))
    (pad 6 smd roundrect (at 2.65 0.635 270) (size 1.6 0.6) (layers F.Cu F.Paste F.Mask) (roundrect_rratio 0.25)
      (net 33 "Net-(U2-Pad6)"))
    (pad 7 smd roundrect (at 2.65 -0.635 270) (size 1.6 0.6) (layers F.Cu F.Paste F.Mask) (roundrect_rratio 0.25)
      (net 34 "Net-(U2-Pad7)"))
    (pad 8 smd roundrect (at 2.65 -1.905 270) (size 1.6 0.6) (layers F.Cu F.Paste F.Mask) (roundrect_rratio 0.25)
      (net 37 /Vpanel))
    (model ${KISYS3DMOD}/Package_SO.3dshapes/HSOP-8-1EP_3.9x4.9mm_P1.27mm_EP2.41x3.1mm.wrl
      (at (xyz 0 0 0))
      (scale (xyz 1 1 1))
      (rotate (xyz 0 0 0))
    )
    (model ${KISYS3DMOD}/Package_SO.3dshapes/SOIC-8_3.9x4.9mm_P1.27mm.step
      (at (xyz 0 0 0))
      (scale (xyz 1 1 1))
      (rotate (xyz 0 0 0))
    )
  )

  (module Resistor_SMD:R_0805_2012Metric_Pad1.15x1.40mm_HandSolder (layer F.Cu) (tedit 5B36C52B) (tstamp 5BFC598C)
    (at 38.345 71.12)
    (descr "Resistor SMD 0805 (2012 Metric), square (rectangular) end terminal, IPC_7351 nominal with elongated pad for handsoldering. (Body size source: https://docs.google.com/spreadsheets/d/1BsfQQcO9C6DZCsRaXUlFlo91Tg2WpOkGARC1WS5S8t0/edit?usp=sharing), generated with kicad-footprint-generator")
    (tags "resistor handsolder")
    (path /5BFC621A)
    (attr smd)
    (fp_text reference R1 (at 0 -1.65) (layer F.SilkS)
      (effects (font (size 1 1) (thickness 0.15)))
    )
    (fp_text value 1M (at 0 1.65) (layer F.Fab)
      (effects (font (size 1 1) (thickness 0.15)))
    )
    (fp_line (start -1 0.6) (end -1 -0.6) (layer F.Fab) (width 0.1))
    (fp_line (start -1 -0.6) (end 1 -0.6) (layer F.Fab) (width 0.1))
    (fp_line (start 1 -0.6) (end 1 0.6) (layer F.Fab) (width 0.1))
    (fp_line (start 1 0.6) (end -1 0.6) (layer F.Fab) (width 0.1))
    (fp_line (start -0.261252 -0.71) (end 0.261252 -0.71) (layer F.SilkS) (width 0.12))
    (fp_line (start -0.261252 0.71) (end 0.261252 0.71) (layer F.SilkS) (width 0.12))
    (fp_line (start -1.85 0.95) (end -1.85 -0.95) (layer F.CrtYd) (width 0.05))
    (fp_line (start -1.85 -0.95) (end 1.85 -0.95) (layer F.CrtYd) (width 0.05))
    (fp_line (start 1.85 -0.95) (end 1.85 0.95) (layer F.CrtYd) (width 0.05))
    (fp_line (start 1.85 0.95) (end -1.85 0.95) (layer F.CrtYd) (width 0.05))
    (fp_text user %R (at 0 0) (layer F.Fab)
      (effects (font (size 0.5 0.5) (thickness 0.08)))
    )
    (pad 1 smd roundrect (at -1.025 0) (size 1.15 1.4) (layers F.Cu F.Paste F.Mask) (roundrect_rratio 0.217391)
      (net 41 /VBAT))
    (pad 2 smd roundrect (at 1.025 0) (size 1.15 1.4) (layers F.Cu F.Paste F.Mask) (roundrect_rratio 0.217391)
      (net 42 /VBAT_DIV2))
    (model ${KISYS3DMOD}/Resistor_SMD.3dshapes/R_0805_2012Metric.wrl
      (at (xyz 0 0 0))
      (scale (xyz 1 1 1))
      (rotate (xyz 0 0 0))
    )
  )

  (module Resistor_SMD:R_0805_2012Metric_Pad1.15x1.40mm_HandSolder (layer F.Cu) (tedit 5B36C52B) (tstamp 5BFC595C)
    (at 43.425 71.12)
    (descr "Resistor SMD 0805 (2012 Metric), square (rectangular) end terminal, IPC_7351 nominal with elongated pad for handsoldering. (Body size source: https://docs.google.com/spreadsheets/d/1BsfQQcO9C6DZCsRaXUlFlo91Tg2WpOkGARC1WS5S8t0/edit?usp=sharing), generated with kicad-footprint-generator")
    (tags "resistor handsolder")
    (path /5BFC628E)
    (attr smd)
    (fp_text reference R2 (at 0 -1.65) (layer F.SilkS)
      (effects (font (size 1 1) (thickness 0.15)))
    )
    (fp_text value 1M (at 0 1.65) (layer F.Fab)
      (effects (font (size 1 1) (thickness 0.15)))
    )
    (fp_text user %R (at 0 0) (layer F.Fab)
      (effects (font (size 0.5 0.5) (thickness 0.08)))
    )
    (fp_line (start 1.85 0.95) (end -1.85 0.95) (layer F.CrtYd) (width 0.05))
    (fp_line (start 1.85 -0.95) (end 1.85 0.95) (layer F.CrtYd) (width 0.05))
    (fp_line (start -1.85 -0.95) (end 1.85 -0.95) (layer F.CrtYd) (width 0.05))
    (fp_line (start -1.85 0.95) (end -1.85 -0.95) (layer F.CrtYd) (width 0.05))
    (fp_line (start -0.261252 0.71) (end 0.261252 0.71) (layer F.SilkS) (width 0.12))
    (fp_line (start -0.261252 -0.71) (end 0.261252 -0.71) (layer F.SilkS) (width 0.12))
    (fp_line (start 1 0.6) (end -1 0.6) (layer F.Fab) (width 0.1))
    (fp_line (start 1 -0.6) (end 1 0.6) (layer F.Fab) (width 0.1))
    (fp_line (start -1 -0.6) (end 1 -0.6) (layer F.Fab) (width 0.1))
    (fp_line (start -1 0.6) (end -1 -0.6) (layer F.Fab) (width 0.1))
    (pad 2 smd roundrect (at 1.025 0) (size 1.15 1.4) (layers F.Cu F.Paste F.Mask) (roundrect_rratio 0.217391)
      (net 40 GND))
    (pad 1 smd roundrect (at -1.025 0) (size 1.15 1.4) (layers F.Cu F.Paste F.Mask) (roundrect_rratio 0.217391)
      (net 42 /VBAT_DIV2))
    (model ${KISYS3DMOD}/Resistor_SMD.3dshapes/R_0805_2012Metric.wrl
      (at (xyz 0 0 0))
      (scale (xyz 1 1 1))
      (rotate (xyz 0 0 0))
    )
  )

  (module Resistor_SMD:R_0805_2012Metric_Pad1.15x1.40mm_HandSolder (layer F.Cu) (tedit 5B36C52B) (tstamp 5BFC592C)
    (at 48.26 71.12)
    (descr "Resistor SMD 0805 (2012 Metric), square (rectangular) end terminal, IPC_7351 nominal with elongated pad for handsoldering. (Body size source: https://docs.google.com/spreadsheets/d/1BsfQQcO9C6DZCsRaXUlFlo91Tg2WpOkGARC1WS5S8t0/edit?usp=sharing), generated with kicad-footprint-generator")
    (tags "resistor handsolder")
    (path /5BFC5EE6)
    (attr smd)
    (fp_text reference R3 (at 0 -1.65) (layer F.SilkS)
      (effects (font (size 1 1) (thickness 0.15)))
    )
    (fp_text value R_US (at 0 1.65) (layer F.Fab)
      (effects (font (size 1 1) (thickness 0.15)))
    )
    (fp_line (start -1 0.6) (end -1 -0.6) (layer F.Fab) (width 0.1))
    (fp_line (start -1 -0.6) (end 1 -0.6) (layer F.Fab) (width 0.1))
    (fp_line (start 1 -0.6) (end 1 0.6) (layer F.Fab) (width 0.1))
    (fp_line (start 1 0.6) (end -1 0.6) (layer F.Fab) (width 0.1))
    (fp_line (start -0.261252 -0.71) (end 0.261252 -0.71) (layer F.SilkS) (width 0.12))
    (fp_line (start -0.261252 0.71) (end 0.261252 0.71) (layer F.SilkS) (width 0.12))
    (fp_line (start -1.85 0.95) (end -1.85 -0.95) (layer F.CrtYd) (width 0.05))
    (fp_line (start -1.85 -0.95) (end 1.85 -0.95) (layer F.CrtYd) (width 0.05))
    (fp_line (start 1.85 -0.95) (end 1.85 0.95) (layer F.CrtYd) (width 0.05))
    (fp_line (start 1.85 0.95) (end -1.85 0.95) (layer F.CrtYd) (width 0.05))
    (fp_text user %R (at 0 0) (layer F.Fab)
      (effects (font (size 0.5 0.5) (thickness 0.08)))
    )
    (pad 1 smd roundrect (at -1.025 0) (size 1.15 1.4) (layers F.Cu F.Paste F.Mask) (roundrect_rratio 0.217391)
      (net 35 "Net-(R3-Pad1)"))
    (pad 2 smd roundrect (at 1.025 0) (size 1.15 1.4) (layers F.Cu F.Paste F.Mask) (roundrect_rratio 0.217391)
      (net 40 GND))
    (model ${KISYS3DMOD}/Resistor_SMD.3dshapes/R_0805_2012Metric.wrl
      (at (xyz 0 0 0))
      (scale (xyz 1 1 1))
      (rotate (xyz 0 0 0))
    )
  )

  (module Resistor_SMD:R_0805_2012Metric_Pad1.15x1.40mm_HandSolder (layer F.Cu) (tedit 5B36C52B) (tstamp 5C1523C1)
    (at 51.045 40.64)
    (descr "Resistor SMD 0805 (2012 Metric), square (rectangular) end terminal, IPC_7351 nominal with elongated pad for handsoldering. (Body size source: https://docs.google.com/spreadsheets/d/1BsfQQcO9C6DZCsRaXUlFlo91Tg2WpOkGARC1WS5S8t0/edit?usp=sharing), generated with kicad-footprint-generator")
    (tags "resistor handsolder")
    (path /5BF31F77)
    (attr smd)
    (fp_text reference R4 (at 0 -1.65) (layer F.SilkS)
      (effects (font (size 1 1) (thickness 0.15)))
    )
    (fp_text value R_US (at 0 1.65) (layer F.Fab)
      (effects (font (size 1 1) (thickness 0.15)))
    )
    (fp_text user %R (at 0 0) (layer F.Fab)
      (effects (font (size 0.5 0.5) (thickness 0.08)))
    )
    (fp_line (start 1.85 0.95) (end -1.85 0.95) (layer F.CrtYd) (width 0.05))
    (fp_line (start 1.85 -0.95) (end 1.85 0.95) (layer F.CrtYd) (width 0.05))
    (fp_line (start -1.85 -0.95) (end 1.85 -0.95) (layer F.CrtYd) (width 0.05))
    (fp_line (start -1.85 0.95) (end -1.85 -0.95) (layer F.CrtYd) (width 0.05))
    (fp_line (start -0.261252 0.71) (end 0.261252 0.71) (layer F.SilkS) (width 0.12))
    (fp_line (start -0.261252 -0.71) (end 0.261252 -0.71) (layer F.SilkS) (width 0.12))
    (fp_line (start 1 0.6) (end -1 0.6) (layer F.Fab) (width 0.1))
    (fp_line (start 1 -0.6) (end 1 0.6) (layer F.Fab) (width 0.1))
    (fp_line (start -1 -0.6) (end 1 -0.6) (layer F.Fab) (width 0.1))
    (fp_line (start -1 0.6) (end -1 -0.6) (layer F.Fab) (width 0.1))
    (pad 2 smd roundrect (at 1.025 0) (size 1.15 1.4) (layers F.Cu F.Paste F.Mask) (roundrect_rratio 0.217391)
      (net 36 "Net-(R3-Pad2)"))
    (pad 1 smd roundrect (at -1.025 0) (size 1.15 1.4) (layers F.Cu F.Paste F.Mask) (roundrect_rratio 0.217391)
      (net 35 "Net-(R3-Pad1)"))
    (model ${KISYS3DMOD}/Resistor_SMD.3dshapes/R_0805_2012Metric.wrl
      (at (xyz 0 0 0))
      (scale (xyz 1 1 1))
      (rotate (xyz 0 0 0))
    )
  )

  (module TerminalBlock:TerminalBlock_bornier-2_P5.08mm (layer F.Cu) (tedit 59FF03AB) (tstamp 5BFC5888)
    (at 29.21 53.34 270)
    (descr "simple 2-pin terminal block, pitch 5.08mm, revamped version of bornier2")
    (tags "terminal block bornier2")
    (path /5BFC519A)
    (fp_text reference J2 (at 2.54 -5.08 270) (layer F.SilkS)
      (effects (font (size 1 1) (thickness 0.15)))
    )
    (fp_text value Screw_Terminal_01x02 (at 2.54 5.08 270) (layer F.Fab)
      (effects (font (size 1 1) (thickness 0.15)))
    )
    (fp_text user %R (at 2.54 0 270) (layer F.Fab)
      (effects (font (size 1 1) (thickness 0.15)))
    )
    (fp_line (start -2.41 2.55) (end 7.49 2.55) (layer F.Fab) (width 0.1))
    (fp_line (start -2.46 -3.75) (end -2.46 3.75) (layer F.Fab) (width 0.1))
    (fp_line (start -2.46 3.75) (end 7.54 3.75) (layer F.Fab) (width 0.1))
    (fp_line (start 7.54 3.75) (end 7.54 -3.75) (layer F.Fab) (width 0.1))
    (fp_line (start 7.54 -3.75) (end -2.46 -3.75) (layer F.Fab) (width 0.1))
    (fp_line (start 7.62 2.54) (end -2.54 2.54) (layer F.SilkS) (width 0.12))
    (fp_line (start 7.62 3.81) (end 7.62 -3.81) (layer F.SilkS) (width 0.12))
    (fp_line (start 7.62 -3.81) (end -2.54 -3.81) (layer F.SilkS) (width 0.12))
    (fp_line (start -2.54 -3.81) (end -2.54 3.81) (layer F.SilkS) (width 0.12))
    (fp_line (start -2.54 3.81) (end 7.62 3.81) (layer F.SilkS) (width 0.12))
    (fp_line (start -2.71 -4) (end 7.79 -4) (layer F.CrtYd) (width 0.05))
    (fp_line (start -2.71 -4) (end -2.71 4) (layer F.CrtYd) (width 0.05))
    (fp_line (start 7.79 4) (end 7.79 -4) (layer F.CrtYd) (width 0.05))
    (fp_line (start 7.79 4) (end -2.71 4) (layer F.CrtYd) (width 0.05))
    (pad 1 thru_hole rect (at 0 0 270) (size 3 3) (drill 1.52) (layers *.Cu *.Mask)
      (net 40 GND))
    (pad 2 thru_hole circle (at 5.08 0 270) (size 3 3) (drill 1.52) (layers *.Cu *.Mask)
      (net 39 "Net-(D2-Pad2)"))
    (model ${KISYS3DMOD}/TerminalBlock.3dshapes/TerminalBlock_bornier-2_P5.08mm.wrl
      (offset (xyz 2.539999961853027 0 0))
      (scale (xyz 1 1 1))
      (rotate (xyz 0 0 0))
    )
  )

  (module TerminalBlock:TerminalBlock_bornier-2_P5.08mm (layer F.Cu) (tedit 59FF03AB) (tstamp 5BFC5798)
    (at 29.21 64.77 270)
    (descr "simple 2-pin terminal block, pitch 5.08mm, revamped version of bornier2")
    (tags "terminal block bornier2")
    (path /5BFC56EB)
    (fp_text reference J3 (at 2.54 -5.08 270) (layer F.SilkS)
      (effects (font (size 1 1) (thickness 0.15)))
    )
    (fp_text value Screw_Terminal_01x02 (at 2.54 5.08 270) (layer F.Fab)
      (effects (font (size 1 1) (thickness 0.15)))
    )
    (fp_line (start 7.79 4) (end -2.71 4) (layer F.CrtYd) (width 0.05))
    (fp_line (start 7.79 4) (end 7.79 -4) (layer F.CrtYd) (width 0.05))
    (fp_line (start -2.71 -4) (end -2.71 4) (layer F.CrtYd) (width 0.05))
    (fp_line (start -2.71 -4) (end 7.79 -4) (layer F.CrtYd) (width 0.05))
    (fp_line (start -2.54 3.81) (end 7.62 3.81) (layer F.SilkS) (width 0.12))
    (fp_line (start -2.54 -3.81) (end -2.54 3.81) (layer F.SilkS) (width 0.12))
    (fp_line (start 7.62 -3.81) (end -2.54 -3.81) (layer F.SilkS) (width 0.12))
    (fp_line (start 7.62 3.81) (end 7.62 -3.81) (layer F.SilkS) (width 0.12))
    (fp_line (start 7.62 2.54) (end -2.54 2.54) (layer F.SilkS) (width 0.12))
    (fp_line (start 7.54 -3.75) (end -2.46 -3.75) (layer F.Fab) (width 0.1))
    (fp_line (start 7.54 3.75) (end 7.54 -3.75) (layer F.Fab) (width 0.1))
    (fp_line (start -2.46 3.75) (end 7.54 3.75) (layer F.Fab) (width 0.1))
    (fp_line (start -2.46 -3.75) (end -2.46 3.75) (layer F.Fab) (width 0.1))
    (fp_line (start -2.41 2.55) (end 7.49 2.55) (layer F.Fab) (width 0.1))
    (fp_text user %R (at 2.54 0 270) (layer F.Fab)
      (effects (font (size 1 1) (thickness 0.15)))
    )
    (pad 2 thru_hole circle (at 5.08 0 270) (size 3 3) (drill 1.52) (layers *.Cu *.Mask)
      (net 40 GND))
    (pad 1 thru_hole rect (at 0 0 270) (size 3 3) (drill 1.52) (layers *.Cu *.Mask)
      (net 41 /VBAT))
    (model ${KISYS3DMOD}/TerminalBlock.3dshapes/TerminalBlock_bornier-2_P5.08mm.wrl
      (offset (xyz 2.539999961853027 0 0))
      (scale (xyz 1 1 1))
      (rotate (xyz 0 0 0))
    )
  )

  (module Capacitor_SMD:C_0805_2012Metric_Pad1.15x1.40mm_HandSolder (layer F.Cu) (tedit 5B36C52B) (tstamp 5C08E23C)
    (at 42.935 67.31)
    (descr "Capacitor SMD 0805 (2012 Metric), square (rectangular) end terminal, IPC_7351 nominal with elongated pad for handsoldering. (Body size source: https://docs.google.com/spreadsheets/d/1BsfQQcO9C6DZCsRaXUlFlo91Tg2WpOkGARC1WS5S8t0/edit?usp=sharing), generated with kicad-footprint-generator")
    (tags "capacitor handsolder")
    (path /5BFC62E2)
    (attr smd)
    (fp_text reference C1 (at 0 -1.65) (layer F.SilkS)
      (effects (font (size 1 1) (thickness 0.15)))
    )
    (fp_text value 100n (at 0 1.65) (layer F.Fab)
      (effects (font (size 1 1) (thickness 0.15)))
    )
    (fp_line (start -1 0.6) (end -1 -0.6) (layer F.Fab) (width 0.1))
    (fp_line (start -1 -0.6) (end 1 -0.6) (layer F.Fab) (width 0.1))
    (fp_line (start 1 -0.6) (end 1 0.6) (layer F.Fab) (width 0.1))
    (fp_line (start 1 0.6) (end -1 0.6) (layer F.Fab) (width 0.1))
    (fp_line (start -0.261252 -0.71) (end 0.261252 -0.71) (layer F.SilkS) (width 0.12))
    (fp_line (start -0.261252 0.71) (end 0.261252 0.71) (layer F.SilkS) (width 0.12))
    (fp_line (start -1.85 0.95) (end -1.85 -0.95) (layer F.CrtYd) (width 0.05))
    (fp_line (start -1.85 -0.95) (end 1.85 -0.95) (layer F.CrtYd) (width 0.05))
    (fp_line (start 1.85 -0.95) (end 1.85 0.95) (layer F.CrtYd) (width 0.05))
    (fp_line (start 1.85 0.95) (end -1.85 0.95) (layer F.CrtYd) (width 0.05))
    (fp_text user %R (at 0 0) (layer F.Fab)
      (effects (font (size 0.5 0.5) (thickness 0.08)))
    )
    (pad 1 smd roundrect (at -1.025 0) (size 1.15 1.4) (layers F.Cu F.Paste F.Mask) (roundrect_rratio 0.217391)
      (net 42 /VBAT_DIV2))
    (pad 2 smd roundrect (at 1.025 0) (size 1.15 1.4) (layers F.Cu F.Paste F.Mask) (roundrect_rratio 0.217391)
      (net 40 GND))
    (model ${KISYS3DMOD}/Capacitor_SMD.3dshapes/C_0805_2012Metric.wrl
      (at (xyz 0 0 0))
      (scale (xyz 1 1 1))
      (rotate (xyz 0 0 0))
    )
  )

  (module Capacitor_SMD:C_0805_2012Metric_Pad1.15x1.40mm_HandSolder (layer F.Cu) (tedit 5B36C52B) (tstamp 5C08E24D)
    (at 102.225001 42.885001)
    (descr "Capacitor SMD 0805 (2012 Metric), square (rectangular) end terminal, IPC_7351 nominal with elongated pad for handsoldering. (Body size source: https://docs.google.com/spreadsheets/d/1BsfQQcO9C6DZCsRaXUlFlo91Tg2WpOkGARC1WS5S8t0/edit?usp=sharing), generated with kicad-footprint-generator")
    (tags "capacitor handsolder")
    (path /5BFCAEF6)
    (attr smd)
    (fp_text reference C2 (at 0 -1.65) (layer F.SilkS)
      (effects (font (size 1 1) (thickness 0.15)))
    )
    (fp_text value 100n (at 0 1.65) (layer F.Fab)
      (effects (font (size 1 1) (thickness 0.15)))
    )
    (fp_line (start -1 0.6) (end -1 -0.6) (layer F.Fab) (width 0.1))
    (fp_line (start -1 -0.6) (end 1 -0.6) (layer F.Fab) (width 0.1))
    (fp_line (start 1 -0.6) (end 1 0.6) (layer F.Fab) (width 0.1))
    (fp_line (start 1 0.6) (end -1 0.6) (layer F.Fab) (width 0.1))
    (fp_line (start -0.261252 -0.71) (end 0.261252 -0.71) (layer F.SilkS) (width 0.12))
    (fp_line (start -0.261252 0.71) (end 0.261252 0.71) (layer F.SilkS) (width 0.12))
    (fp_line (start -1.85 0.95) (end -1.85 -0.95) (layer F.CrtYd) (width 0.05))
    (fp_line (start -1.85 -0.95) (end 1.85 -0.95) (layer F.CrtYd) (width 0.05))
    (fp_line (start 1.85 -0.95) (end 1.85 0.95) (layer F.CrtYd) (width 0.05))
    (fp_line (start 1.85 0.95) (end -1.85 0.95) (layer F.CrtYd) (width 0.05))
    (fp_text user %R (at 0 0) (layer F.Fab)
      (effects (font (size 0.5 0.5) (thickness 0.08)))
    )
    (pad 1 smd roundrect (at -1.025 0) (size 1.15 1.4) (layers F.Cu F.Paste F.Mask) (roundrect_rratio 0.217391)
      (net 45 "Net-(C2-Pad1)"))
    (pad 2 smd roundrect (at 1.025 0) (size 1.15 1.4) (layers F.Cu F.Paste F.Mask) (roundrect_rratio 0.217391)
      (net 40 GND))
    (model ${KISYS3DMOD}/Capacitor_SMD.3dshapes/C_0805_2012Metric.wrl
      (at (xyz 0 0 0))
      (scale (xyz 1 1 1))
      (rotate (xyz 0 0 0))
    )
  )

  (module Capacitor_SMD:CP_Elec_3x5.4 (layer F.Cu) (tedit 5A841F9D) (tstamp 5C08E271)
    (at 44.68 62.23)
    (descr "SMT capacitor, aluminium electrolytic, 3x5.4, Nichicon ")
    (tags "Capacitor Electrolytic")
    (path /5BFCAA98)
    (attr smd)
    (fp_text reference C3 (at 0 -2.7) (layer F.SilkS)
      (effects (font (size 1 1) (thickness 0.15)))
    )
    (fp_text value 10u (at 0 2.7) (layer F.Fab)
      (effects (font (size 1 1) (thickness 0.15)))
    )
    (fp_circle (center 0 0) (end 1.5 0) (layer F.Fab) (width 0.1))
    (fp_line (start 1.65 -1.65) (end 1.65 1.65) (layer F.Fab) (width 0.1))
    (fp_line (start -0.825 -1.65) (end 1.65 -1.65) (layer F.Fab) (width 0.1))
    (fp_line (start -0.825 1.65) (end 1.65 1.65) (layer F.Fab) (width 0.1))
    (fp_line (start -1.65 -0.825) (end -1.65 0.825) (layer F.Fab) (width 0.1))
    (fp_line (start -1.65 -0.825) (end -0.825 -1.65) (layer F.Fab) (width 0.1))
    (fp_line (start -1.65 0.825) (end -0.825 1.65) (layer F.Fab) (width 0.1))
    (fp_line (start -1.110469 -0.8) (end -0.810469 -0.8) (layer F.Fab) (width 0.1))
    (fp_line (start -0.960469 -0.95) (end -0.960469 -0.65) (layer F.Fab) (width 0.1))
    (fp_line (start 1.76 1.76) (end 1.76 1.06) (layer F.SilkS) (width 0.12))
    (fp_line (start 1.76 -1.76) (end 1.76 -1.06) (layer F.SilkS) (width 0.12))
    (fp_line (start -0.870563 -1.76) (end 1.76 -1.76) (layer F.SilkS) (width 0.12))
    (fp_line (start -0.870563 1.76) (end 1.76 1.76) (layer F.SilkS) (width 0.12))
    (fp_line (start -1.570563 -1.06) (end -0.870563 -1.76) (layer F.SilkS) (width 0.12))
    (fp_line (start -1.570563 1.06) (end -0.870563 1.76) (layer F.SilkS) (width 0.12))
    (fp_line (start -2.375 -1.435) (end -2 -1.435) (layer F.SilkS) (width 0.12))
    (fp_line (start -2.1875 -1.6225) (end -2.1875 -1.2475) (layer F.SilkS) (width 0.12))
    (fp_line (start 1.9 -1.9) (end 1.9 -1.05) (layer F.CrtYd) (width 0.05))
    (fp_line (start 1.9 -1.05) (end 2.85 -1.05) (layer F.CrtYd) (width 0.05))
    (fp_line (start 2.85 -1.05) (end 2.85 1.05) (layer F.CrtYd) (width 0.05))
    (fp_line (start 2.85 1.05) (end 1.9 1.05) (layer F.CrtYd) (width 0.05))
    (fp_line (start 1.9 1.05) (end 1.9 1.9) (layer F.CrtYd) (width 0.05))
    (fp_line (start -0.93 1.9) (end 1.9 1.9) (layer F.CrtYd) (width 0.05))
    (fp_line (start -0.93 -1.9) (end 1.9 -1.9) (layer F.CrtYd) (width 0.05))
    (fp_line (start -1.78 1.05) (end -0.93 1.9) (layer F.CrtYd) (width 0.05))
    (fp_line (start -1.78 -1.05) (end -0.93 -1.9) (layer F.CrtYd) (width 0.05))
    (fp_line (start -1.78 -1.05) (end -2.85 -1.05) (layer F.CrtYd) (width 0.05))
    (fp_line (start -2.85 -1.05) (end -2.85 1.05) (layer F.CrtYd) (width 0.05))
    (fp_line (start -2.85 1.05) (end -1.78 1.05) (layer F.CrtYd) (width 0.05))
    (fp_text user %R (at 0 0) (layer F.Fab)
      (effects (font (size 0.6 0.6) (thickness 0.09)))
    )
    (pad 1 smd rect (at -1.5 0) (size 2.2 1.6) (layers F.Cu F.Paste F.Mask)
      (net 44 +3V3))
    (pad 2 smd rect (at 1.5 0) (size 2.2 1.6) (layers F.Cu F.Paste F.Mask)
      (net 40 GND))
    (model ${KISYS3DMOD}/Capacitor_SMD.3dshapes/CP_Elec_3x5.4.wrl
      (at (xyz 0 0 0))
      (scale (xyz 1 1 1))
      (rotate (xyz 0 0 0))
    )
  )

  (module Capacitor_SMD:C_0805_2012Metric_Pad1.15x1.40mm_HandSolder (layer F.Cu) (tedit 5B36C52B) (tstamp 5C08E282)
    (at 43.425 57.15)
    (descr "Capacitor SMD 0805 (2012 Metric), square (rectangular) end terminal, IPC_7351 nominal with elongated pad for handsoldering. (Body size source: https://docs.google.com/spreadsheets/d/1BsfQQcO9C6DZCsRaXUlFlo91Tg2WpOkGARC1WS5S8t0/edit?usp=sharing), generated with kicad-footprint-generator")
    (tags "capacitor handsolder")
    (path /5BFCAE56)
    (attr smd)
    (fp_text reference C4 (at 0 -1.65) (layer F.SilkS)
      (effects (font (size 1 1) (thickness 0.15)))
    )
    (fp_text value 100n (at 0 1.65) (layer F.Fab)
      (effects (font (size 1 1) (thickness 0.15)))
    )
    (fp_text user %R (at 0 0) (layer F.Fab)
      (effects (font (size 0.5 0.5) (thickness 0.08)))
    )
    (fp_line (start 1.85 0.95) (end -1.85 0.95) (layer F.CrtYd) (width 0.05))
    (fp_line (start 1.85 -0.95) (end 1.85 0.95) (layer F.CrtYd) (width 0.05))
    (fp_line (start -1.85 -0.95) (end 1.85 -0.95) (layer F.CrtYd) (width 0.05))
    (fp_line (start -1.85 0.95) (end -1.85 -0.95) (layer F.CrtYd) (width 0.05))
    (fp_line (start -0.261252 0.71) (end 0.261252 0.71) (layer F.SilkS) (width 0.12))
    (fp_line (start -0.261252 -0.71) (end 0.261252 -0.71) (layer F.SilkS) (width 0.12))
    (fp_line (start 1 0.6) (end -1 0.6) (layer F.Fab) (width 0.1))
    (fp_line (start 1 -0.6) (end 1 0.6) (layer F.Fab) (width 0.1))
    (fp_line (start -1 -0.6) (end 1 -0.6) (layer F.Fab) (width 0.1))
    (fp_line (start -1 0.6) (end -1 -0.6) (layer F.Fab) (width 0.1))
    (pad 2 smd roundrect (at 1.025 0) (size 1.15 1.4) (layers F.Cu F.Paste F.Mask) (roundrect_rratio 0.217391)
      (net 40 GND))
    (pad 1 smd roundrect (at -1.025 0) (size 1.15 1.4) (layers F.Cu F.Paste F.Mask) (roundrect_rratio 0.217391)
      (net 44 +3V3))
    (model ${KISYS3DMOD}/Capacitor_SMD.3dshapes/C_0805_2012Metric.wrl
      (at (xyz 0 0 0))
      (scale (xyz 1 1 1))
      (rotate (xyz 0 0 0))
    )
  )

  (module Connector_PinHeader_2.54mm:PinHeader_1x02_P2.54mm_Vertical (layer F.Cu) (tedit 59FED5CC) (tstamp 5C08E298)
    (at 57.15 41.91)
    (descr "Through hole straight pin header, 1x02, 2.54mm pitch, single row")
    (tags "Through hole pin header THT 1x02 2.54mm single row")
    (path /5BFCA236)
    (fp_text reference JP1 (at 0 -2.33) (layer F.SilkS)
      (effects (font (size 1 1) (thickness 0.15)))
    )
    (fp_text value Jumper (at 0 4.87) (layer F.Fab)
      (effects (font (size 1 1) (thickness 0.15)))
    )
    (fp_line (start -0.635 -1.27) (end 1.27 -1.27) (layer F.Fab) (width 0.1))
    (fp_line (start 1.27 -1.27) (end 1.27 3.81) (layer F.Fab) (width 0.1))
    (fp_line (start 1.27 3.81) (end -1.27 3.81) (layer F.Fab) (width 0.1))
    (fp_line (start -1.27 3.81) (end -1.27 -0.635) (layer F.Fab) (width 0.1))
    (fp_line (start -1.27 -0.635) (end -0.635 -1.27) (layer F.Fab) (width 0.1))
    (fp_line (start -1.33 3.87) (end 1.33 3.87) (layer F.SilkS) (width 0.12))
    (fp_line (start -1.33 1.27) (end -1.33 3.87) (layer F.SilkS) (width 0.12))
    (fp_line (start 1.33 1.27) (end 1.33 3.87) (layer F.SilkS) (width 0.12))
    (fp_line (start -1.33 1.27) (end 1.33 1.27) (layer F.SilkS) (width 0.12))
    (fp_line (start -1.33 0) (end -1.33 -1.33) (layer F.SilkS) (width 0.12))
    (fp_line (start -1.33 -1.33) (end 0 -1.33) (layer F.SilkS) (width 0.12))
    (fp_line (start -1.8 -1.8) (end -1.8 4.35) (layer F.CrtYd) (width 0.05))
    (fp_line (start -1.8 4.35) (end 1.8 4.35) (layer F.CrtYd) (width 0.05))
    (fp_line (start 1.8 4.35) (end 1.8 -1.8) (layer F.CrtYd) (width 0.05))
    (fp_line (start 1.8 -1.8) (end -1.8 -1.8) (layer F.CrtYd) (width 0.05))
    (fp_text user %R (at 0 1.27 90) (layer F.Fab)
      (effects (font (size 1 1) (thickness 0.15)))
    )
